0 0.5190104166666667 0.7125 0.0296875 0.13055555555555556
0 0.559375 0.7125 0.020833333333333332 0.10833333333333334
0 0.3921875 0.6902777777777778 0.010416666666666666 0.028703703703703703
0 0.9625 0.6458333333333334 0.03125 0.12314814814814815
0 0.265625 0.7300925925925926 0.035416666666666666 0.1787037037037037
0 0.45625 0.7032407407407407 0.009375 0.03796296296296296
0 0.38697916666666665 0.700925925925926 0.010416666666666666 0.044444444444444446
0 0.1859375 0.7018518518518518 0.026041666666666668 0.12777777777777777
0 0.18880208333333334 0.7050925925925926 0.0203125 0.11203703703703703
0 0.540625 0.712037037037037 0.035416666666666666 0.11481481481481481
0 0.4609375 0.7032407407407407 0.009375 0.03611111111111111
