0 0.43723958333333335 0.8416666666666667 0.07447916666666667 0.3148148148148148
0 0.4236979166666667 0.812962962962963 0.05677083333333333 0.10740740740740741
0 0.04296875 0.8060185185185185 0.0859375 0.36203703703703705
0 0.14427083333333332 0.8245370370370371 0.06979166666666667 0.25277777777777777
0 0.39088541666666665 0.8208333333333333 0.021354166666666667 0.12129629629629629
0 0.3919270833333333 0.8203703703703704 0.030729166666666665 0.13703703703703704
0 0.3268229166666667 0.8009259259259259 0.016145833333333335 0.1
0 0.353125 0.8069444444444445 0.01875 0.10462962962962963
0 0.2559895833333333 0.8277777777777777 0.0359375 0.17037037037037037
0 0.33359375 0.8296296296296296 0.0296875 0.1425925925925926
0 0.33229166666666665 0.8171296296296297 0.021875 0.10462962962962963
