0 0.33645833333333336 0.8587962962962963 0.0625 0.28055555555555556
0 0.4236979166666667 0.8171296296296297 0.058854166666666666 0.10092592592592593
0 0.0765625 0.8060185185185185 0.075 0.33796296296296297
0 0.17057291666666666 0.8328703703703704 0.05260416666666667 0.24537037037037038
0 0.40338541666666666 0.825 0.0203125 0.11666666666666667
0 0.39505208333333336 0.8282407407407407 0.0234375 0.13055555555555556
0 0.3203125 0.8032407407407407 0.016666666666666666 0.10833333333333334
0 0.35963541666666665 0.8152777777777778 0.0203125 0.10277777777777777
0 0.26276041666666666 0.8300925925925926 0.0296875 0.1675925925925926
0 0.34453125 0.8324074074074074 0.0296875 0.14074074074074075
0 0.3380208333333333 0.8180555555555555 0.021875 0.10833333333333334
