0 0.3203125 0.56875 0.0203125 0.09027777777777778
0 0.57265625 0.5819444444444445 0.0125 0.08333333333333333
0 0.769140625 0.6354166666666666 0.06171875 0.3402777777777778
0 0.569140625 0.5777777777777777 0.03359375 0.05277777777777778
0 0.716015625 0.6444444444444445 0.06171875 0.325
0 0.503515625 0.5756944444444444 0.01171875 0.06527777777777778
0 0.643359375 0.6027777777777777 0.03359375 0.15833333333333333
0 0.494140625 0.56875 0.00859375 0.059722222222222225
0 0.352734375 0.5680555555555555 0.01328125 0.06111111111111111
0 0.291796875 0.5666666666666667 0.01953125 0.09722222222222222
0 0.561328125 0.5881944444444445 0.02265625 0.09305555555555556
