0 0.6015625 0.6949074074074074 0.022916666666666665 0.12685185185185185
0 0.621875 0.6972222222222222 0.021875 0.10185185185185185
0 0.4083333333333333 0.6856481481481481 0.010416666666666666 0.03981481481481482
0 0.3497395833333333 0.7078703703703704 0.022395833333333334 0.11388888888888889
0 0.48515625 0.6912037037037037 0.009895833333333333 0.03796296296296296
0 0.38359375 0.6893518518518519 0.0109375 0.041666666666666664
0 0.17604166666666668 0.6921296296296297 0.021875 0.12685185185185185
0 0.17682291666666666 0.6976851851851852 0.019270833333333334 0.11574074074074074
0 0.6106770833333334 0.6962962962962963 0.027604166666666666 0.1111111111111111
0 0.46770833333333334 0.6944444444444444 0.010416666666666666 0.03148148148148148
0 0.49140625 0.6930555555555555 0.0109375 0.03611111111111111
