0 0.5794270833333334 0.6606481481481481 0.0171875 0.09907407407407408
0 0.5651041666666666 0.6342592592592593 0.010416666666666666 0.03333333333333333
0 0.6744791666666666 0.6263888888888889 0.010416666666666666 0.026851851851851852
0 0.065625 0.6550925925925926 0.023958333333333335 0.10833333333333334
0 0.2755208333333333 0.6347222222222222 0.011458333333333333 0.05092592592592592
0 0.4786458333333333 0.6351851851851852 0.0125 0.027777777777777776
0 0.5697916666666667 0.662962962962963 0.019791666666666666 0.1
0 0.6229166666666667 0.6305555555555555 0.010416666666666666 0.025925925925925925
0 0.19479166666666667 0.6328703703703704 0.010416666666666666 0.04351851851851852
0 0.5580729166666667 0.6319444444444444 0.011979166666666667 0.03981481481481482
0 0.6135416666666667 0.6435185185185185 0.010416666666666666 0.04814814814814815
