0 0.28984375 0.8379629629629629 0.059895833333333336 0.2777777777777778
0 0.41640625 0.812037037037037 0.058854166666666666 0.1037037037037037
0 0.04114583333333333 0.7939814814814815 0.08229166666666667 0.3509259259259259
0 0.14322916666666666 0.8208333333333333 0.058333333333333334 0.24166666666666667
0 0.396875 0.8185185185185185 0.025 0.12037037037037036
0 0.37942708333333336 0.8194444444444444 0.0234375 0.13703703703703704
0 0.2981770833333333 0.7981481481481482 0.018229166666666668 0.11481481481481481
0 0.3515625 0.8101851851851852 0.017708333333333333 0.09814814814814815
0 0.23958333333333334 0.8282407407407407 0.0375 0.175
0 0.33177083333333335 0.8287037037037037 0.028125 0.1425925925925926
0 0.33255208333333336 0.8162037037037037 0.022395833333333334 0.11018518518518519
