0 0.2950520833333333 0.7300925925925926 0.08177083333333333 0.27870370370370373
0 0.571875 0.6458333333333334 0.010416666666666666 0.03425925925925926
0 0.6666666666666666 0.6375 0.010416666666666666 0.032407407407407406
0 0.22135416666666666 0.6550925925925926 0.016666666666666666 0.06759259259259259
0 0.55390625 0.6467592592592593 0.0140625 0.03796296296296296
0 0.3140625 0.7175925925925926 0.05625 0.2462962962962963
0 0.7513020833333334 0.6287037037037037 0.0109375 0.03333333333333333
0 0.6916666666666667 0.6351851851851852 0.010416666666666666 0.037037037037037035
0 0.5653645833333333 0.6421296296296296 0.011979166666666667 0.03981481481481482
0 0.6424479166666667 0.649537037037037 0.0140625 0.058333333333333334
