0 0.571875 0.5798611111111112 0.0171875 0.07361111111111111
0 0.991796875 0.6104166666666667 0.01640625 0.2708333333333333
0 0.42890625 0.5743055555555555 0.009375 0.043055555555555555
0 0.655078125 0.5673611111111111 0.01171875 0.04861111111111111
0 0.949609375 0.6131944444444445 0.04765625 0.24305555555555555
0 0.6734375 0.5673611111111111 0.0203125 0.08472222222222223
0 0.719921875 0.5736111111111111 0.03046875 0.10277777777777777
0 0.550390625 0.5784722222222223 0.01015625 0.04027777777777778
0 0.858203125 0.58125 0.03203125 0.17916666666666667
0 0.66328125 0.5611111111111111 0.0109375 0.05
0 0.641015625 0.5756944444444444 0.01484375 0.05694444444444444
