0 0.6739583333333333 0.65 0.020833333333333332 0.06851851851851852
0 0.3424479166666667 0.687037037037037 0.05677083333333333 0.07592592592592592
0 0.7125 0.6689814814814815 0.025 0.11574074074074074
0 0.4205729166666667 0.6930555555555555 0.011979166666666667 0.058333333333333334
0 0.7505208333333333 0.6527777777777778 0.025 0.09074074074074075
0 0.5369791666666667 0.6685185185185185 0.017708333333333333 0.06851851851851852
0 0.24817708333333333 0.7162037037037037 0.03177083333333333 0.15833333333333333
0 0.42552083333333335 0.6861111111111111 0.020833333333333332 0.08148148148148149
0 0.4205729166666667 0.6666666666666666 0.059895833333333336 0.05
0 0.025 0.7236111111111111 0.042708333333333334 0.17314814814814813
