0 0.7614583333333333 0.6509259259259259 0.052083333333333336 0.09444444444444444
0 0.8768229166666667 0.6555555555555556 0.019270833333333334 0.06481481481481481
0 0.08072916666666667 0.638425925925926 0.014583333333333334 0.05462962962962963
0 0.9403645833333333 0.6351851851851852 0.022395833333333334 0.07222222222222222
0 0.79140625 0.6893518518518519 0.05572916666666667 0.2064814814814815
0 0.028125 0.6375 0.03229166666666667 0.04722222222222222
0 0.06328125 0.6365740740740741 0.011979166666666667 0.058333333333333334
0 0.8729166666666667 0.6444444444444445 0.019791666666666666 0.09074074074074075
0 0.11145833333333334 0.6412037037037037 0.016666666666666666 0.06574074074074074
0 0.8083333333333333 0.6314814814814815 0.057291666666666664 0.05
0 0.21432291666666667 0.7296296296296296 0.059895833333333336 0.2759259259259259
