0 0.5752604166666667 0.6819444444444445 0.034895833333333334 0.175
0 0.5713541666666667 0.6296296296296297 0.010416666666666666 0.03518518518518519
0 0.67734375 0.6217592592592592 0.0109375 0.026851851851851852
0 0.23541666666666666 0.6375 0.016666666666666666 0.06759259259259259
0 0.5083333333333333 0.6333333333333333 0.013541666666666667 0.03518518518518519
0 0.5744791666666667 0.6787037037037037 0.04375 0.1648148148148148
0 0.73359375 0.6199074074074075 0.0109375 0.03425925925925926
0 0.6557291666666667 0.6222222222222222 0.010416666666666666 0.03333333333333333
0 0.09973958333333334 0.6425925925925926 0.0140625 0.06111111111111111
0 0.5643229166666667 0.6282407407407408 0.011979166666666667 0.03981481481481482
0 0.6359375 0.6370370370370371 0.016666666666666666 0.05925925925925926
