0 0.020833333333333332 0.7689814814814815 0.041666666666666664 0.3138888888888889
0 0.9783854166666667 0.7486111111111111 0.0421875 0.5009259259259259
0 0.4088541666666667 0.8185185185185185 0.08020833333333334 0.1259259259259259
0 0.33567708333333335 0.8212962962962963 0.028645833333333332 0.15555555555555556
0 0.3580729166666667 0.8300925925925926 0.0328125 0.17685185185185184
0 0.32786458333333335 0.7976851851851852 0.0140625 0.09722222222222222
0 0.3184895833333333 0.8087962962962963 0.022395833333333334 0.11944444444444445
0 0.18151041666666667 0.8351851851851851 0.0453125 0.22962962962962963
0 0.27630208333333334 0.8328703703703704 0.033854166666666664 0.17314814814814813
0 0.3346354166666667 0.8185185185185185 0.0265625 0.13148148148148148
0 0.2986979166666667 0.8180555555555555 0.022395833333333334 0.13055555555555556
