0 0.509375 0.7685185185185185 0.042708333333333334 0.18888888888888888
0 0.3606770833333333 0.7657407407407407 0.0234375 0.09444444444444444
0 0.9783854166666667 0.6930555555555555 0.0421875 0.3453703703703704
0 0.32916666666666666 0.7583333333333333 0.04791666666666667 0.07037037037037037
0 0.78359375 0.662962962962963 0.0296875 0.05185185185185185
0 0.9591145833333333 0.6486111111111111 0.034895833333333334 0.1675925925925926
0 0.7393229166666667 0.6967592592592593 0.04635416666666667 0.0712962962962963
0 0.8114583333333333 0.7578703703703704 0.08958333333333333 0.31574074074074077
0 0.4627604166666667 0.7509259259259259 0.0359375 0.10740740740740741
0 0.7744791666666667 0.6925925925925925 0.020833333333333332 0.08703703703703704
