0 0.46380208333333334 0.7180555555555556 0.030729166666666665 0.13240740740740742
0 0.5140625 0.7199074074074074 0.019791666666666666 0.10833333333333334
0 0.9619791666666667 0.6574074074074074 0.03958333333333333 0.14814814814814814
0 0.14505208333333333 0.7388888888888889 0.049479166666666664 0.24444444444444444
0 0.43776041666666665 0.7050925925925926 0.0078125 0.03796296296296296
0 0.38984375 0.6995370370370371 0.008854166666666666 0.03796296296296296
0 0.19296875 0.7060185185185185 0.0265625 0.13240740740740742
0 0.19817708333333334 0.7087962962962963 0.021354166666666667 0.12314814814814815
0 0.4942708333333333 0.7162037037037037 0.028125 0.1175925925925926
0 0.5072916666666667 0.7 0.010416666666666666 0.03518518518518519
0 0.4432291666666667 0.7060185185185185 0.009375 0.03611111111111111
