0 0.432421875 0.6034722222222222 0.04921875 0.1597222222222222
0 0.93515625 0.5458333333333333 0.0203125 0.06944444444444445
0 0.36484375 0.5715277777777777 0.015625 0.07916666666666666
0 0.1984375 0.5777777777777777 0.015625 0.07777777777777778
0 0.712109375 0.5729166666666666 0.02265625 0.09583333333333334
0 0.44921875 0.60625 0.04375 0.14027777777777778
0 0.49140625 0.58125 0.01875 0.06805555555555555
0 0.288671875 0.575 0.01640625 0.08055555555555556
0 0.682421875 0.5611111111111111 0.01640625 0.08333333333333333
0 0.7046875 0.5756944444444444 0.0171875 0.0875
