0 0.6549479166666666 0.6805555555555556 0.0171875 0.08703703703703704
0 0.4236979166666667 0.6898148148148148 0.013020833333333334 0.06481481481481481
0 0.3841145833333333 0.6819444444444445 0.0140625 0.04351851851851852
0 0.24114583333333334 0.6893518518518519 0.023958333333333335 0.10462962962962963
0 0.23359375 0.6976851851851852 0.019270833333333334 0.10648148148148148
0 0.6513020833333333 0.6782407407407407 0.013020833333333334 0.0824074074074074
0 0.446875 0.6898148148148148 0.00625 0.027777777777777776
0 0.41015625 0.6828703703703703 0.011979166666666667 0.04351851851851852
0 0.1890625 0.6902777777777778 0.027083333333333334 0.13055555555555556
0 0.5044270833333333 0.6851851851851852 0.005729166666666666 0.024074074074074074
0 0.43802083333333336 0.6898148148148148 0.013541666666666667 0.06851851851851852
