0 0.7028645833333333 0.8231481481481482 0.13072916666666667 0.35185185185185186
0 0.41901041666666666 0.8148148148148148 0.06302083333333333 0.11296296296296296
0 0.06927083333333334 0.8166666666666667 0.07291666666666667 0.3037037037037037
0 0.3703125 0.8208333333333333 0.03333333333333333 0.13425925925925927
0 0.3770833333333333 0.825 0.030208333333333334 0.14814814814814814
0 0.3268229166666667 0.8004629629629629 0.015104166666666667 0.10092592592592593
0 0.3380208333333333 0.8083333333333333 0.020833333333333332 0.1111111111111111
0 0.221875 0.8300925925925926 0.04479166666666667 0.1935185185185185
0 0.30807291666666664 0.8305555555555556 0.0296875 0.16111111111111112
0 0.35234375 0.8185185185185185 0.025520833333333333 0.11851851851851852
0 0.31614583333333335 0.8166666666666667 0.025 0.12037037037037036
