0 0.346875 0.7143518518518519 0.040625 0.17685185185185184
0 0.4200520833333333 0.7185185185185186 0.027604166666666666 0.14074074074074075
0 0.39869791666666665 0.7023148148148148 0.0078125 0.041666666666666664
0 0.3854166666666667 0.6921296296296297 0.008333333333333333 0.041666666666666664
0 0.1265625 0.6898148148148148 0.025 0.14074074074074075
0 0.13046875 0.6902777777777778 0.025520833333333333 0.13055555555555556
0 0.3919270833333333 0.7129629629629629 0.0296875 0.15555555555555556
0 0.5395833333333333 0.6856481481481481 0.010416666666666666 0.03796296296296296
0 0.28411458333333334 0.6828703703703703 0.019270833333333334 0.075
0 0.434375 0.6907407407407408 0.005208333333333333 0.020370370370370372
0 0.40234375 0.6990740740740741 0.0140625 0.046296296296296294
